8.9 -2.13 0.33
8.93 -1.75 0.33
8.91 -0.11 0.33
8.96 -0.52 0.33
8.98 0.15 0.33
8.92 -0.41 0.33
8.87 -2.63 0.33
9 -1.41 0.33
8.99 -0.08 0.33
9 0.09 0.33
8.97 -0.19 0.33
8.96 -1.26 0.33
8.99 0.2 0.33
8.7 -1.95 0.33
8.72 0.1 0.33
8.91 1.2 0.33
8.97 0.39 0.33
8.91 -0.41 0.33
8.68 -1.41 0.33
8.56 -0.79 0.33
8.57 0.07 0.33
8.73 1.03 0.33
8.67 -0.37 0.33
8.58 -0.56 0.33
8.52 -0.37 0.33
8.63 0.69 0.33
8.85 1.35 0.33
8.86 0.08 0.33
8.91 0.3 0.33
8.54 -2.33 0.33
8.47 -0.44 0.33
8.83 2.29 0.33
8.81 -0.12 0.33
8.94 0.79 0.33
8.79 -0.94 0.33
8.98 1.21 0.33
8.79 -1.19 0.33
8.86 0.5 0.33
8.81 -0.36 0.33
8.8 -0.03 0.33
8.91 -0.78 0.33
8.71 -1.26 0.33
8.79 0.52 0.33
8.81 0.11 0.33
8.74 -0.42 0.33
8.83 -2.29 0.33
8.78 -0.36 0.33
8.7 -0.5 0.33
8.68 -0.12 0.33
8.73 0.29 0.33
8.73 0.04 0.33
8.72 -0.07 0.33
8.71 -0.1 0.33
8.68 -0.19 0.33
8.67 -0.01 0.33
8.69 0.09 0.33
8.67 -0.11 0.33
8.64 -0.22 0.33
8.62 -0.13 0.33
8.64 0.16 0.33
8.64 0.02 0.33
8.5 -0.9 0.33
8.29 -1.34 0.33
8.44 0.95 0.33
8.57 0.82 0.33
8.59 0.13 0.33
8.4 -1.17 0.33
8.16 -1.52 0.33
8.18 0.09 0.33
8.24 0.37 0.33
8.48 1.5 0.33
8.38 -0.62 0.33
8.11 -1.65 0.33
8.1 -0.07 0.33
8.16 0.36 0.33
8.39 1.47 0.33
8.42 0.18 0.33
8.42 -0 0.33
8.13 -1.81 0.33
8.08 -0.37 0.33
8.33 1.6 0.33
8.43 0.61 0.33
8.48 0.32 0.33
8.49 0.04 0.33
8.43 -0.36 0.33
8.37 -0.34 0.33
8.41 0.24 0.33
8.47 0.37 0.33
8.38 -0.56 0.33
8.46 0.54 0.33
8.61 0.88 0.33
8.7 0.56 0.33
8.7 0.06 0.33
8.64 -0.43 0.33
8.41 -1.44 0.33
8.38 -0.16 0.33
8.36 -0.16 0.33
8.31 -0.28 0.33
8.37 0.34 0.33
8.57 1.26 0.33
8.71 0.9 0.33
8.78 0.45 0.33
8.78 -0.02 0.33
8.71 -0.41 0.33
8.73 0.12 0.33
8.79 0.39 0.33
8.77 -0.14 0.33
8.72 -0.34 0.33
8.78 0.38 0.33
8.71 -0.45 0.33
8.62 -0.58 0.33
8.35 -1.68 0.33
8.3 -0.29 0.33
8.34 0.25 0.33
8.32 -0.17 0.33
8.28 -0.24 0.33
8.42 0.86 0.33
8.57 0.97 0.33
8.51 -0.41 0.33
8.39 -0.72 0.33
8.26 -0.81 0.33
8.27 0.01 0.33
8.24 -0.19 0.33
8.26 0.12 0.33
8.26 0.04 0.33
8.27 0.07 0.33
8.21 -0.42 0.33
8.27 0.38 0.33
7.97 -1.86 0.33
7.91 -0.4 0.33
8.03 0.76 0.33
8.14 0.69 0.33
8.23 0.59 0.33
8.12 -0.71 0.33
7.85 -1.71 0.33
7.74 -0.65 0.33
7.77 0.17 0.33
7.97 1.25 0.33
8.05 0.48 0.33
7.86 -1.16 0.33
7.65 -1.3 0.33
7.66 0.04 0.33
7.77 0.66 0.33
8.02 1.6 0.33
8.05 0.18 0.33
8.08 0.16 0.33
7.68 -2.48 0.33
7.64 -0.25 0.33
7.87 1.37 0.33
8.02 0.97 0.33
8.05 0.18 0.33
8.02 -0.19 0.33
8.04 0.13 0.33
8 -0.25 0.33
7.97 -0.16 0.33
8 0.16 0.33
8.02 0.12 0.33
7.97 -0.33 0.33
8 0.22 0.33
8.12 0.72 0.33
8.11 -0.06 0.33
8.02 -0.56 0.33
7.95 -0.42 0.33
7.95 0.03 0.33
7.95 -0 0.33
7.96 0.06 0.33
7.96 -0 0.33
8.16 1.27 0.33
8.37 1.28 0.33
8.3 -0.41 0.33
8.36 0.35 0.33
8.39 0.21 0.33
8.31 -0.51 0.33
8.32 0.06 0.33
8.38 0.36 0.33
8.34 -0.25 0.33
8.29 -0.28 0.33
8.22 -0.47 0.33
7.97 -1.53 0.33
7.89 -0.53 0.33
7.89 0.03 0.33
7.9 0.07 0.33
7.9 -0.03 0.33
7.96 0.4 0.33
8 0.21 0.33
8.15 0.98 0.33
8.16 0.05 0.33
8.1 -0.39 0.33
7.95 -0.92 0.33
7.9 -0.3 0.33
7.9 -0.03 0.33
7.89 -0.03 0.33
7.88 -0.07 0.33
7.87 -0.04 0.33
7.85 -0.14 0.33
7.82 -0.16 0.33
7.82 -0.02 0.33
7.77 -0.29 0.33
7.61 -1.01 0.33
7.62 0.06 0.33
7.81 1.2 0.33
7.84 0.15 0.33
7.74 -0.59 0.33
7.57 -1.06 0.33
7.35 -1.34 0.33
7.38 0.14 0.33
7.7 2.03 0.33
7.73 0.18 0.33
7.56 -1.04 0.33
7.45 -0.71 0.33
7.27 -1.11 0.33
7.4 0.76 0.33
7.62 1.4 0.33
7.68 0.39 0.33
7.54 -0.92 0.33
7.36 -1.09 0.33
7.29 -0.45 0.33
7.34 0.3 0.33
7.63 1.83 0.33
7.67 0.28 0.33
7.63 -0.25 0.33
7.61 -0.13 0.33
7.65 0.21 0.33
7.51 -0.83 0.33
7.62 0.66 0.33
7.6 -0.11 0.33
7.54 -0.4 0.33
7.62 0.5 0.33
7.61 -0.07 0.33
7.56 -0.31 0.33
7.62 0.37 0.33
7.55 -0.41 0.33
7.58 0.14 0.33
7.52 -0.34 0.33
7.6 0.53 0.33
7.49 -0.74 0.33
7.71 1.39 0.33
7.94 1.4 0.33
7.95 0.09 0.33
7.94 -0.07 0.33
7.91 -0.17 0.33
7.9 -0.06 0.33
7.9 -0.03 0.33
7.91 0.09 0.33
7.85 -0.39 0.33
7.66 -1.2 0.33
7.5 -0.98 0.33
7.48 -0.09 0.33
7.5 0.09 0.33
7.46 -0.23 0.33
7.52 0.39 0.33
7.49 -0.24 0.33
7.61 0.78 0.33
7.84 1.43 0.33
7.83 -0.06 0.33
7.66 -1.09 0.33
7.71 0.32 0.33
7.46 -1.53 0.33
7.46 0 0.33
7.45 -0.07 0.33
7.43 -0.12 0.33
7.45 0.1 0.33
7.44 -0.05 0.33
7.49 0.31 0.33
7.4 -0.58 0.33
7.48 0.48 0.33
7.17 -1.92 0.33
7.12 -0.32 0.33
7.24 0.77 0.33
7.29 0.28 0.33
7.41 0.78 0.33
7.36 -0.34 0.33
7.16 -1.26 0.33
6.91 -1.52 0.33
6.92 0.02 0.33
7.14 1.38 0.33
7.23 0.54 0.33
7.16 -0.39 0.33
7.08 -0.5 0.33
6.94 -0.92 0.33
6.91 -0.16 0.33
6.96 0.32 0.33
7.25 1.81 0.33
7.31 0.37 0.33
6.9 -2.61 0.33
6.87 -0.14 0.33
6.87 -0.02 0.33
7.08 1.28 0.33
7.23 0.91 0.33
7.21 -0.11 0.33
7.28 0.45 0.33
7.21 -0.45 0.33
7.01 -1.24 0.33
6.98 -0.2 0.33
7.15 1.09 0.33
7.14 -0.05 0.33
7.26 0.71 0.33
7.16 -0.64 0.33
7.18 0.16 0.33
7.23 0.33 0.33
7.18 -0.35 0.33
7.14 -0.22 0.33
7.2 0.35 0.33
7.11 -0.57 0.33
7.13 0.14 0.33
7.15 0.14 0.33
7.26 0.67 0.33
7.43 1.04 0.33
7.53 0.65 0.33
7.52 -0.08 0.33
7.6 0.5 0.33
7.48 -0.72 0.33
7.42 -0.41 0.33
7.22 -1.27 0.33
7.16 -0.37 0.33
7.08 -0.5 0.33
7.07 -0.05 0.33
7.13 0.41 0.33
7.09 -0.25 0.33
7.06 -0.19 0.33
7.1 0.23 0.33
7.22 0.74 0.33
7.13 -0.52 0.33
7.2 0.44 0.33
7.28 0.44 0.33
7.16 -0.72 0.33
7.13 -0.21 0.33
7.06 -0.43 0.33
6.99 -0.41 0.33
7.01 0.14 0.33
7.13 0.73 0.33
7.02 -0.72 0.33
7 -0.07 0.33
7.11 0.66 0.33
6.99 -0.75 0.33
6.99 -0.03 0.33
6.67 -1.92 0.33
6.76 0.55 0.33
6.84 0.48 0.33
7.03 1.17 0.33
6.96 -0.43 0.33
6.94 -0.15 0.33
6.78 -0.94 0.33
6.53 -1.55 0.33
6.49 -0.3 0.33
6.65 1 0.33
6.87 1.36 0.33
6.81 -0.36 0.33
6.66 -0.91 0.33
6.45 -1.32 0.33
6.45 0.01 0.33
6.52 0.45 0.33
6.77 1.52 0.33
6.87 0.61 0.33
6.69 -1.09 0.33
6.52 -1.09 0.33
6.42 -0.61 0.33
6.42 -0.02 0.33
6.65 1.46 0.33
6.82 1.07 0.33
6.77 -0.34 0.33
6.82 0.35 0.33
6.79 -0.23 0.33
6.55 -1.47 0.33
6.42 -0.78 0.33
6.64 1.35 0.33
6.74 0.57 0.33
6.76 0.15 0.33
6.75 -0.06 0.33
6.77 0.1 0.33
6.85 0.52 0.33
6.87 0.09 0.33
6.8 -0.39 0.33
6.72 -0.52 0.33
6.72 0.02 0.33
6.7 -0.13 0.33
6.74 0.23 0.33
6.75 0.06 0.33
6.88 0.83 0.33
6.85 -0.19 0.33
6.97 0.72 0.33
7.06 0.58 0.33
6.96 -0.68 0.33
6.86 -0.62 0.33
6.7 -0.95 0.33
6.66 -0.26 0.33
6.64 -0.14 0.33
6.63 -0.07 0.33
6.63 0.03 0.33
6.68 0.29 0.33
6.67 -0.03 0.33
6.69 0.08 0.33
6.69 0.04 0.33
6.67 -0.13 0.33
6.83 1 0.33
6.82 -0.06 0.33
6.76 -0.4 0.33
6.73 -0.17 0.33
6.69 -0.26 0.33
6.68 -0.06 0.33
6.69 0.08 0.33
6.7 0.03 0.33
6.69 -0.05 0.33
6.7 0.04 0.33
6.72 0.13 0.33
6.7 -0.09 0.33
6.67 -0.21 0.33
6.34 -2.04 0.33
6.39 0.3 0.33
6.51 0.74 0.33
6.5 -0.05 0.33
6.57 0.45 0.33
6.58 0.03 0.33
6.57 -0.02 0.33
6.29 -1.73 0.33
6.13 -0.97 0.33
6.17 0.21 0.33
6.59 2.61 0.33
6.59 -0.03 0.33
6.53 -0.38 0.33
6.18 -2.15 0.33
6.09 -0.57 0.33
6.07 -0.09 0.33
6.26 1.18 0.33
6.34 0.46 0.33
6.53 1.17 0.33
6.48 -0.31 0.33
6.13 -2.12 0.33
6.03 -0.65 0.33
6.06 0.19 0.33
6.24 1.13 0.33
6.42 1.1 0.33
6.49 0.41 0.33
6.46 -0.2 0.33
6.41 -0.32 0.33
6.1 -1.92 0.33
5.99 -0.67 0.33
6.1 0.69 0.33
6.33 1.39 0.33
6.42 0.54 0.33
6.37 -0.28 0.33
6.36 -0.09 0.33
6.33 -0.15 0.33
6.39 0.38 0.33
6.43 0.23 0.33
6.33 -0.6 0.33
6.3 -0.23 0.33
6.34 0.28 0.33
6.37 0.16 0.33
6.32 -0.29 0.33
6.29 -0.2 0.33
6.35 0.39 0.33
6.41 0.36 0.33
6.37 -0.25 0.33
6.35 -0.14 0.33
6.3 -0.31 0.33
6.34 0.29 0.33
6.3 -0.28 0.33
6.26 -0.26 0.33
6.27 0.1 0.33
6.31 0.23 0.33
6.29 -0.08 0.33
6.25 -0.25 0.33
6.26 0.01 0.33
6.34 0.5 0.33
6.31 -0.2 0.33
6.26 -0.29 0.33
6.31 0.32 0.33
6.25 -0.39 0.33
6.19 -0.36 0.33
6.22 0.19 0.33
6.22 0.03 0.33
6.19 -0.2 0.33
6.19 0 0.33
6.26 0.44 0.33
6.17 -0.58 0.33
6.22 0.31 0.33
6.23 0.03 0.33
6.08 -0.86 0.33
5.95 -0.83 0.33
6.09 0.85 0.33
6.15 0.37 0.33
6.21 0.37 0.33
6.13 -0.47 0.33
6.18 0.3 0.33
6.15 -0.22 0.33
5.91 -1.48 0.33
5.73 -1.08 0.33
5.76 0.18 0.33
6.06 1.8 0.33
6.11 0.31 0.33
6.14 0.18 0.33
6.08 -0.31 0.33
5.81 -1.72 0.33
5.7 -0.66 0.33
5.69 -0.04 0.33
5.83 0.86 0.33
6.02 1.13 0.33
6.08 0.41 0.33
6.03 -0.34 0.33
5.77 -1.61 0.33
5.63 -0.86 0.33
5.62 -0.03 0.33
5.75 0.8 0.33
6.03 1.69 0.33
6.02 -0.09 0.33
6.02 0.06 0.33
6.06 0.23 0.33
5.95 -0.7 0.33
5.59 -2.21 0.33
5.57 -0.12 0.33
5.88 1.89 0.33
5.97 0.56 0.33
5.99 0.12 0.33
5.98 -0.02 0.33
5.97 -0.09 0.33
5.98 0.06 0.33
5.97 -0.06 0.33
5.92 -0.27 0.33
5.91 -0.12 0.33
5.9 -0.04 0.33
5.94 0.24 0.33
5.91 -0.2 0.33
5.92 0.11 0.33
5.9 -0.17 0.33
5.95 0.32 0.33
5.91 -0.25 0.33
5.94 0.2 0.33
5.88 -0.34 0.33
5.91 0.19 0.33
5.82 -0.54 0.33
5.87 0.26 0.33
5.87 0.04 0.33
5.87 -0.04 0.33
5.89 0.14 0.33
5.84 -0.34 0.33
5.88 0.25 0.33
5.85 -0.18 0.33
5.89 0.28 0.33
5.89 -0.03 0.33
5.86 -0.14 0.33
5.84 -0.16 0.33
5.8 -0.25 0.33
5.84 0.23 0.33
5.81 -0.15 0.33
5.8 -0.05 0.33
5.79 -0.07 0.33
5.8 0.06 0.33
5.84 0.23 0.33
5.81 -0.17 0.33
5.82 0.06 0.33
5.62 -1.26 0.33
5.59 -0.16 0.33
5.66 0.44 0.33
5.78 0.71 0.33
5.78 0.04 0.33
5.77 -0.08 0.33
5.76 -0.05 0.33
5.77 0.04 0.33
5.66 -0.7 0.33
5.34 -1.97 0.33
5.32 -0.09 0.33
5.43 0.63 0.33
5.69 1.6 0.33
5.7 0.05 0.33
5.69 -0.08 0.33
5.7 0.07 0.33
5.39 -1.9 0.33
5.25 -0.85 0.33
5.24 -0.04 0.33
5.56 1.95 0.33
5.68 0.7 0.33
5.67 -0.02 0.33
5.67 0.01 0.33
5.58 -0.56 0.33
5.22 -2.23 0.33
5.18 -0.22 0.33
5.26 0.44 0.33
5.55 1.82 0.33
5.64 0.5 0.33
5.58 -0.31 0.33
5.6 0.08 0.33
5.61 0.08 0.33
5.55 -0.38 0.33
5.15 -2.47 0.33
5.2 0.3 0.33
5.49 1.8 0.33
5.55 0.35 0.33
5.57 0.09 0.33
5.53 -0.21 0.33
5.57 0.26 0.33
5.58 0.05 0.33
5.54 -0.26 0.33
5.53 -0.06 0.33
5.51 -0.11 0.33
5.49 -0.14 0.33
5.49 0.03 0.33
5.56 0.41 0.33
5.5 -0.37 0.33
5.5 0 0.33
5.52 0.12 0.33
5.52 -0.01 0.33
5.49 -0.16 0.33
5.52 0.14 0.33
5.51 -0.06 0.33
5.51 0.03 0.33
5.45 -0.37 0.33
5.46 0.03 0.33
5.44 -0.13 0.33
5.49 0.33 0.33
5.47 -0.16 0.33
5.48 0.07 0.33
5.45 -0.16 0.33
5.48 0.18 0.33
5.48 -0.02 0.33
5.43 -0.25 0.33
5.41 -0.17 0.33
5.39 -0.08 0.33
5.38 -0.05 0.33
5.43 0.26 0.33
5.41 -0.09 0.33
5.41 0.01 0.33
5.4 -0.06 0.33
5.37 -0.19 0.33
5.42 0.25 0.33
5.39 -0.18 0.33
5.29 -0.6 0.33
5.17 -0.74 0.33
5.3 0.83 0.33
5.36 0.31 0.33
5.36 0.06 0.33
5.36 -0 0.33
5.36 -0.05 0.33
5.36 -0.01 0.33
5.34 -0.11 0.33
5.06 -1.71 0.33
4.95 -0.65 0.33
4.88 -0.45 0.33
5.24 2.19 0.33
5.31 0.43 0.33
5.32 0.06 0.33
5.32 0.03 0.33
5.28 -0.25 0.33
4.99 -1.77 0.33
4.87 -0.73 0.33
4.87 -0 0.33
5 0.84 0.33
5.2 1.21 0.33
5.21 0.03 0.33
5.21 0.05 0.33
5.23 0.12 0.33
5.08 -0.91 0.33
4.87 -1.29 0.33
4.79 -0.49 0.33
4.89 0.6 0.33
5.21 1.96 0.33
5.2 -0.1 0.33
5.18 -0.09 0.33
5.22 0.23 0.33
5.16 -0.37 0.33
4.97 -1.16 0.33
4.75 -1.33 0.33
4.84 0.53 0.33
5.07 1.41 0.33
5.15 0.49 0.33
5.16 0.09 0.33
5.2 0.24 0.33
5.14 -0.4 0.33
5.15 0.08 0.33
5.11 -0.25 0.33
5.12 0.07 0.33
5.02 -0.61 0.33
5.12 0.61 0.33
5.09 -0.21 0.33
5.07 -0.11 0.33
5.12 0.28 0.33
5.14 0.13 0.33
5.09 -0.33 0.33
5.14 0.3 0.33
5.04 -0.58 0.33
5.11 0.4 0.33
5.16 0.34 0.33
5 -0.98 0.33
5 -0.02 0.33
5.02 0.13 0.33
5.11 0.57 0.33
5.04 -0.44 0.33
5.05 0.07 0.33
5.03 -0.16 0.33
5.04 0.09 0.33
5.04 0.01 0.33
5.03 -0.05 0.33
5.06 0.13 0.33
5.03 -0.15 0.33
4.94 -0.56 0.33
4.96 0.13 0.33
4.99 0.13 0.33
4.95 -0.21 0.33
5.05 0.61 0.33
5 -0.32 0.33
5 0 0.33
4.97 -0.18 0.33
5.01 0.22 0.33
4.73 -1.69 0.33
4.62 -0.66 0.33
4.7 0.5 0.33
4.91 1.26 0.33
5 0.53 0.33
4.98 -0.14 0.33
4.97 -0.05 0.33
5.05 0.45 0.33
4.97 -0.47 0.33
4.75 -1.34 0.33
4.52 -1.39 0.33
4.52 -0.01 0.33
4.71 1.19 0.33
4.92 1.27 0.33
4.92 -0.06 0.33
4.9 -0.08 0.33
4.93 0.16 0.33
4.84 -0.54 0.33
4.45 -2.39 0.33
4.44 -0.03 0.33
4.47 0.15 0.33
4.84 2.24 0.33
4.84 0.03 0.33
4.9 0.32 0.33
4.81 -0.53 0.33
4.83 0.11 0.33
4.6 -1.38 0.33
4.41 -1.13 0.33
4.37 -0.23 0.33
4.58 1.23 0.33
4.76 1.11 0.33
4.78 0.15 0.33
4.8 0.11 0.33
4.81 0.04 0.33
4.78 -0.14 0.33
4.76 -0.12 0.33
4.4 -2.26 0.33
4.35 -0.28 0.33
4.59 1.44 0.33
4.82 1.43 0.33
4.74 -0.54 0.33
4.76 0.16 0.33
4.75 -0.05 0.33
4.74 -0.07 0.33
4.75 0.05 0.33
4.73 -0.14 0.33
4.48 -1.5 0.33
4.54 0.37 0.33
4.69 0.9 0.33
4.75 0.38 0.33
4.69 -0.39 0.33
4.69 -0.01 0.33
4.75 0.36 0.33
4.69 -0.33 0.33
4.66 -0.16 0.33
4.73 0.38 0.33
4.69 -0.21 0.33
4.58 -0.69 0.33
4.59 0.03 0.33
4.69 0.64 0.33
4.65 -0.22 0.33
4.61 -0.24 0.33
4.67 0.34 0.33
4.66 -0.06 0.33
4.66 -0.04 0.33
4.63 -0.16 0.33
4.64 0.05 0.33
4.66 0.13 0.33
4.52 -0.83 0.33
4.46 -0.39 0.33
4.64 1.11 0.33
4.59 -0.28 0.33
4.59 0.02 0.33
4.63 0.22 0.33
4.62 -0.05 0.33
4.59 -0.19 0.33
4.61 0.1 0.33
4.59 -0.07 0.33
4.51 -0.53 0.33
4.14 -2.22 0.33
4.13 -0.04 0.33
4.46 2.01 0.33
4.56 0.57 0.33
4.55 -0.07 0.33
4.54 -0.03 0.33
4.57 0.15 0.33
4.49 -0.44 0.33
4.32 -1.03 0.33
4.12 -1.24 0.33
4.1 -0.1 0.33
4.24 0.79 0.33
4.47 1.44 0.33
4.5 0.16 0.33
4.51 0.04 0.33
4.5 -0.02 0.33
4.48 -0.12 0.33
4.2 -1.7 0.33
4.08 -0.78 0.33
4.04 -0.21 0.33
4.19 0.93 0.33
4.44 1.45 0.33
4.45 0.08 0.33
4.47 0.16 0.33
4.48 0.02 0.33
4.41 -0.43 0.33
4.14 -1.6 0.33
4.02 -0.7 0.33
4.02 -0.03 0.33
4.12 0.61 0.33
4.37 1.5 0.33
4.37 0.04 0.33
4.36 -0.07 0.33
4.42 0.33 0.33
4.4 -0.07 0.33
4.38 -0.14 0.33
4.14 -1.48 0.33
3.99 -0.88 0.33
3.97 -0.14 0.33
4.3 1.98 0.33
4.36 0.36 0.33
4.35 -0.03 0.33
4.39 0.24 0.33
4.35 -0.27 0.33
4.34 -0.07 0.33
4.33 -0.06 0.33
4.33 0.03 0.33
4.06 -1.62 0.33
3.94 -0.74 0.33
4.21 1.65 0.33
4.31 0.62 0.33
4.31 -0.04 0.33
4.3 -0.03 0.33
4.32 0.1 0.33
4.3 -0.1 0.33
4.29 -0.08 0.33
4.31 0.13 0.33
4.3 -0.06 0.33
4.04 -1.57 0.33
3.98 -0.33 0.33
4.16 1.03 0.33
4.22 0.36 0.33
4.26 0.26 0.33
4.26 -0.01 0.33
4.25 -0.03 0.33
4.25 -0.01 0.33
4.26 0.08 0.33
4.29 0.18 0.33
4.27 -0.13 0.33
4.06 -1.25 0.33
3.77 -1.77 0.33
3.97 1.19 0.33
4.17 1.22 0.33
4.19 0.11 0.33
4.19 0.02 0.33
4.19 0 0.33
4.21 0.08 0.33
4.21 -0 0.33
4.22 0.09 0.33
4.1 -0.7 0.33
3.8 -1.84 0.33
3.73 -0.41 0.33
3.82 0.52 0.33
4.08 1.56 0.33
4.14 0.35 0.33
4.19 0.3 0.33
4.16 -0.15 0.33
4.17 0.04 0.33
4.11 -0.31 0.33
3.78 -2.05 0.33
3.65 -0.76 0.33
3.64 -0.03 0.33
4.05 2.43 0.33
4.09 0.23 0.33
4.1 0.03 0.33
4.1 -0 0.33
4.11 0.08 0.33
3.97 -0.83 0.33
3.68 -1.74 0.33
3.74 0.33 0.33
3.7 -0.24 0.33
3.79 0.52 0.33
4.06 1.62 0.33
4.04 -0.1 0.33
4.02 -0.14 0.33
4.06 0.25 0.33
4.04 -0.07 0.33
3.78 -1.59 0.33
3.6 -1.1 0.33
3.57 -0.15 0.33
3.69 0.71 0.33
4 1.81 0.33
3.97 -0.13 0.33
4.01 0.21 0.33
4.01 0.02 0.33
3.97 -0.26 0.33
4.02 0.33 0.33
3.83 -1.14 0.33
3.51 -1.95 0.33
3.51 0.02 0.33
3.56 0.28 0.33
3.92 2.14 0.33
3.9 -0.1 0.33
3.98 0.51 0.33
3.9 -0.52 0.33
3.98 0.51 0.33
3.9 -0.5 0.33
3.94 0.25 0.33
3.91 -0.22 0.33
3.52 -2.31 0.33
3.54 0.14 0.33
3.67 0.76 0.33
3.9 1.4 0.33
3.87 -0.22 0.33
3.95 0.48 0.33
3.92 -0.16 0.33
3.89 -0.2 0.33
3.9 0.09 0.33
3.88 -0.13 0.33
3.9 0.1 0.33
3.58 -1.87 0.33
3.47 -0.68 0.33
3.48 0.06 0.33
3.84 2.15 0.33
3.84 -0.03 0.33
3.88 0.27 0.33
3.82 -0.35 0.33
3.83 0.02 0.33
3.84 0.07 0.33
3.81 -0.18 0.33
3.85 0.22 0.33
3.5 -2.06 0.33
3.4 -0.62 0.33
3.4 -0.04 0.33
3.72 1.94 0.33
3.82 0.6 0.33
3.8 -0.12 0.33
3.76 -0.24 0.33
3.82 0.39 0.33
3.81 -0.08 0.33
3.76 -0.3 0.33
3.73 -0.15 0.33
3.34 -2.36 0.33
3.35 0.05 0.33
3.37 0.14 0.33
3.73 2.14 0.33
3.72 -0.06 0.33
3.71 -0.03 0.33
3.72 0.03 0.33
3.76 0.23 0.33
3.72 -0.23 0.33
3.35 -2.22 0.33
3.33 -0.1 0.33
3.29 -0.26 0.33
3.33 0.25 0.33
3.66 1.96 0.33
3.66 0.02 0.33
3.68 0.06 0.33
3.69 0.07 0.33
3.68 -0.04 0.33
3.55 -0.8 0.33
3.29 -1.56 0.33
3.21 -0.45 0.33
3.23 0.11 0.33
3.4 1.03 0.33
3.67 1.63 0.33
3.66 -0.08 0.33
3.64 -0.15 0.33
3.63 -0.02 0.33
3.62 -0.06 0.33
3.46 -0.96 0.33
3.22 -1.43 0.33
3.2 -0.15 0.33
3.19 -0.05 0.33
3.43 1.47 0.33
3.61 1.03 0.33
3.61 -0 0.33
3.62 0.09 0.33
3.61 -0.05 0.33
3.63 0.08 0.33
3.63 0.03 0.33
3.42 -1.24 0.33
3.15 -1.62 0.33
3.15 0 0.33
3.47 1.87 0.33
3.57 0.62 0.33
3.53 -0.22 0.33
3.54 0.04 0.33
3.52 -0.12 0.33
3.56 0.25 0.33
3.54 -0.11 0.33
3.58 0.24 0.33
3.55 -0.21 0.33
3.18 -2.22 0.33
3.12 -0.36 0.33
3.36 1.41 0.33
3.47 0.66 0.33
3.5 0.17 0.33
3.49 -0.02 0.33
3.5 0.04 0.33
3.49 -0.04 0.33
3.49 -0.03 0.33
3.48 -0.02 0.33
3.51 0.14 0.33
3.4 -0.64 0.33
3.18 -1.34 0.33
3.03 -0.86 0.33
3.14 0.66 0.33
3.35 1.25 0.33
3.44 0.5 0.33
3.45 0.1 0.33
3.44 -0.06 0.33
3.44 -0 0.33
3.45 0.04 0.33
3.38 -0.42 0.33
3.44 0.37 0.33
3.15 -1.7 0.33
8.93 -1.36 0.67
9 -0.41 0.67
8.99 -0.01 0.67
8.76 -1.48 0.67
8.91 0.95 0.67
8.68 -1.47 0.67
8.64 -0.24 0.67
8.92 1.78 0.67
8.71 -1.34 0.67
8.78 0.45 0.67
8.97 1.19 0.67
8.97 0.01 0.67
8.94 -0.2 0.67
8.83 -0.71 0.67
8.97 0.93 0.67
8.7 -2.9 0.67
8.68 -0.14 0.67
8.66 -0.09 0.67
8.67 0.04 0.67
8.37 -1.93 0.67
8.48 0.7 0.67
8.23 -1.6 0.67
8.11 -0.71 0.67
8.36 1.55 0.67
8.18 -1.13 0.67
8.48 1.89 0.67
8.41 -0.43 0.67
8.44 0.23 0.67
8.49 0.31 0.67
8.38 -0.75 0.67
8.65 1.69 0.67
8.77 0.76 0.67
8.73 -0.24 0.67
8.56 -1.07 0.67
8.33 -1.47 0.67
8.26 -0.43 0.67
8.32 0.41 0.67
8.23 -0.6 0.67
8.23 0.03 0.67
7.96 -1.74 0.67
7.8 -0.98 0.67
7.73 -0.44 0.67
7.71 -0.1 0.67
7.78 0.39 0.67
7.92 0.9 0.67
8 0.51 0.67
7.9 -0.64 0.67
8 0.66 0.67
7.97 -0.21 0.67
7.98 0.07 0.67
8.32 2.12 0.67
8.33 0.08 0.67
8.12 -1.38 0.67
7.92 -1.25 0.67
7.91 -0.06 0.67
7.91 0.05 0.67
7.87 -0.26 0.67
7.87 0.02 0.67
7.48 -2.46 0.67
7.62 0.86 0.67
7.32 -1.87 0.67
7.31 -0.07 0.67
7.27 -0.28 0.67
7.29 0.16 0.67
7.58 1.84 0.67
7.36 -1.41 0.67
7.57 1.33 0.67
7.57 0.02 0.67
7.58 0.08 0.67
7.58 -0.03 0.67
7.92 2.11 0.67
7.93 0.04 0.67
7.6 -2.08 0.67
7.48 -0.76 0.67
7.48 0.03 0.67
7.51 0.19 0.67
7.41 -0.64 0.67
7.45 0.28 0.67
7.06 -2.45 0.67
7.09 0.17 0.67
6.98 -0.67 0.67
6.85 -0.84 0.67
6.83 -0.11 0.67
6.85 0.12 0.67
7.15 1.89 0.67
6.9 -1.55 0.67
7.12 1.36 0.67
7.16 0.27 0.67
7.24 0.49 0.67
7.12 -0.79 0.67
7.4 1.76 0.67
7.16 -1.46 0.67
7.07 -0.61 0.67
7.13 0.39 0.67
7.11 -0.12 0.67
6.99 -0.78 0.67
7.01 0.14 0.67
7.04 0.17 0.67
6.8 -1.46 0.67
6.67 -0.78 0.67
6.6 -0.43 0.67
6.48 -0.75 0.67
6.46 -0.13 0.67
6.42 -0.26 0.67
6.66 1.48 0.67
6.45 -1.26 0.67
6.59 0.86 0.67
6.77 1.1 0.67
6.51 -1.59 0.67
6.73 1.38 0.67
6.72 -0.11 0.67
6.72 -0 0.67
6.63 -0.5 0.67
6.63 -0.03 0.67
6.62 -0.05 0.67
6.56 -0.39 0.67
6.61 0.34 0.67
6.64 0.16 0.67
6.21 -2.68 0.67
6.54 2.02 0.67
6.13 -2.51 0.67
6.14 0.06 0.67
6.07 -0.43 0.67
6.05 -0.11 0.67
6.07 0.08 0.67
6.19 0.76 0.67
6.01 -1.14 0.67
6.34 2 0.67
6.32 -0.09 0.67
6.02 -1.86 0.67
6.35 2.04 0.67
6.36 0.03 0.67
6.27 -0.54 0.67
6.25 -0.11 0.67
6.33 0.52 0.67
6.12 -1.31 0.67
6.08 -0.29 0.67
6.25 1.06 0.67
5.97 -1.74 0.67
5.9 -0.45 0.67
5.89 -0.02 0.67
5.71 -1.1 0.67
5.7 -0.08 0.67
5.68 -0.13 0.67
5.7 0.11 0.67
5.62 -0.46 0.67
5.83 1.27 0.67
5.57 -1.64 0.67
5.92 2.17 0.67
5.92 0 0.67
5.61 -1.93 0.67
5.94 1.98 0.67
5.91 -0.15 0.67
5.78 -0.83 0.67
5.86 0.52 0.67
5.89 0.15 0.67
5.63 -1.61 0.67
5.69 0.38 0.67
5.84 0.94 0.67
5.39 -2.78 0.67
5.58 1.16 0.67
5.34 -1.42 0.67
5.29 -0.31 0.67
5.24 -0.32 0.67
5.26 0.1 0.67
5.21 -0.25 0.67
5.18 -0.19 0.67
5.34 0.96 0.67
5.12 -1.35 0.67
5.48 2.22 0.67
5.49 0.06 0.67
5.18 -1.93 0.67
5.52 2.04 0.67
5.5 -0.1 0.67
5.11 -2.39 0.67
5.46 2.11 0.67
5.49 0.18 0.67
5.15 -2.06 0.67
5.29 0.85 0.67
5.36 0.45 0.67
4.98 -2.33 0.67
5.29 1.85 0.67
5.01 -1.66 0.67
4.87 -0.85 0.67
4.93 0.34 0.67
4.82 -0.66 0.67
4.89 0.4 0.67
4.82 -0.44 0.67
5 1.12 0.67
4.78 -1.33 0.67
5.05 1.61 0.67
5.22 1.01 0.67
4.72 -2.99 0.67
4.97 1.47 0.67
5.15 1.13 0.67
4.78 -2.27 0.67
4.9 0.74 0.67
5.05 0.94 0.67
4.8 -1.52 0.67
4.68 -0.78 0.67
5.02 2.08 0.67
4.63 -2.41 0.67
4.75 0.77 0.67
4.75 -0.01 0.67
4.47 -1.69 0.67
4.49 0.1 0.67
4.48 -0.08 0.67
4.46 -0.1 0.67
4.45 -0.07 0.67
4.48 0.19 0.67
4.41 -0.4 0.67
4.41 -0.02 0.67
4.74 2 0.67
4.57 -1.03 0.67
4.37 -1.23 0.67
4.7 2.02 0.67
4.65 -0.27 0.67
4.35 -1.84 0.67
4.64 1.77 0.67
4.63 -0.12 0.67
4.24 -2.34 0.67
4.58 2.07 0.67
4.53 -0.32 0.67
4.13 -2.45 0.67
4.36 1.39 0.67
4.09 -1.63 0.67
4.1 0.04 0.67
4.1 0.04 0.67
4.05 -0.29 0.67
4.02 -0.18 0.67
4.01 -0.08 0.67
4.12 0.69 0.67
4.21 0.52 0.67
3.91 -1.78 0.67
4.3 2.31 0.67
4.21 -0.53 0.67
3.92 -1.77 0.67
4.27 2.13 0.67
4.3 0.16 0.67
3.81 -2.95 0.67
4.18 2.25 0.67
4.23 0.31 0.67
3.79 -2.68 0.67
4.11 1.95 0.67
4.04 -0.42 0.67
3.76 -1.7 0.67
3.88 0.69 0.67
3.73 -0.91 0.67
3.68 -0.25 0.67
3.73 0.3 0.67
3.64 -0.58 0.67
3.69 0.3 0.67
3.59 -0.62 0.67
3.62 0.19 0.67
3.99 2.23 0.67
3.64 -2.1 0.67
3.64 0.03 0.67
3.96 1.93 0.67
3.59 -2.24 0.67
3.59 -0 0.67
3.86 1.58 0.67
3.64 -1.3 0.67
3.51 -0.81 0.67
3.82 1.91 0.67
3.66 -1 0.67
3.44 -1.35 0.67
3.82 2.27 0.67
3.43 -2.36 0.67
3.36 -0.43 0.67
3.47 0.66 0.67
3.28 -1.14 0.67
3.32 0.28 0.67
3.26 -0.4 0.67
3.23 -0.15 0.67
3.3 0.41 0.67
3.21 -0.53 0.67
3.36 0.89 0.67
3.52 0.92 0.67
3.16 -2.12 0.67
3.41 1.48 0.67
3.54 0.74 0.67
3.12 -2.49 0.67
3.29 1.06 0.67
3.49 1.17 0.67
3.19 -1.79 0.67
3.08 -0.65 0.67
3.42 2.04 0.67
3.1 -1.94 0.67
8.96 -1.79 1
8.82 -1.77 1
8.65 -1.05 1
8.73 0.52 1
8.66 -0.48 1
8.9 1.49 1
8.91 -1.4 1
8.8 -1.89 1
8.73 -0.46 1
8.63 -0.61 1
8.52 -0.75 1
8.31 -1.29 1
8.21 -0.62 1
8.31 0.61 1
8.43 0.75 1
8.65 1.38 1
8.44 -1.3 1
8.66 1.36 1
8.76 0.59 1
8.38 -2.37 1
8.5 0.72 1
8.28 -1.36 1
8.16 -0.75 1
7.98 -1.12 1
7.87 -0.73 1
7.88 0.06 1
8.04 1.02 1
8.03 -0.07 1
7.98 -0.31 1
8.24 1.6 1
8.39 0.93 1
7.98 -2.54 1
8.14 0.96 1
7.85 -1.81 1
7.78 -0.42 1
7.74 -0.24 1
7.6 -0.86 1
7.5 -0.64 1
7.54 0.26 1
7.52 -0.14 1
7.57 0.33 1
7.52 -0.27 1
7.93 2.55 1
7.75 -1.15 1
7.46 -1.81 1
7.51 0.34 1
7.44 -0.43 1
7.12 -1.99 1
7.07 -0.34 1
6.99 -0.48 1
6.96 -0.2 1
7.02 0.39 1
6.92 -0.66 1
7.17 1.6 1
7.14 -0.23 1
7.26 0.74 1
7.11 -0.92 1
7.05 -0.33 1
6.93 -0.76 1
7.04 0.66 1
6.53 -3.1 1
6.47 -0.37 1
6.53 0.34 1
6.47 -0.38 1
6.43 -0.2 1
6.57 0.86 1
6.49 -0.5 1
6.76 1.67 1
6.73 -0.17 1
6.69 -0.26 1
6.66 -0.19 1
6.44 -1.37 1
6.35 -0.51 1
6.18 -1.07 1
6.11 -0.43 1
6.1 -0.04 1
6.01 -0.58 1
6.02 0.05 1
6.2 1.08 1
6.09 -0.68 1
6.16 0.45 1
6.14 -0.11 1
6.24 0.59 1
6.2 -0.24 1
5.96 -1.44 1
5.99 0.15 1
5.76 -1.41 1
5.7 -0.35 1
5.66 -0.24 1
5.62 -0.26 1
5.59 -0.16 1
5.61 0.08 1
5.79 1.14 1
5.72 -0.47 1
5.9 1.14 1
5.6 -1.83 1
5.87 1.67 1
5.53 -2.11 1
5.71 1.06 1
5.34 -2.21 1
5.31 -0.2 1
5.3 -0.08 1
5.3 -0 1
5.19 -0.66 1
5.17 -0.12 1
5.46 1.78 1
5.1 -2.23 1
5.56 2.84 1
5.19 -2.24 1
5.43 1.47 1
5.12 -1.93 1
5.26 0.87 1
5.03 -1.39 1
4.9 -0.83 1
4.92 0.17 1
4.86 -0.41 1
4.77 -0.53 1
4.8 0.21 1
4.78 -0.11 1
4.88 0.56 1
4.84 -0.2 1
5.04 1.21 1
4.73 -1.89 1
5.05 1.94 1
4.58 -2.85 1
4.73 0.91 1
4.55 -1.09 1
4.46 -0.55 1
4.48 0.13 1
4.47 -0.07 1
4.42 -0.32 1
4.42 0.04 1
4.37 -0.29 1
4.45 0.48 1
4.5 0.27 1
4.53 0.2 1
4.48 -0.3 1
4.52 0.23 1
4.21 -1.85 1
4.25 0.26 1
4.16 -0.56 1
4.09 -0.42 1
4.08 -0.05 1
4.02 -0.36 1
4.02 -0.01 1
4 -0.16 1
3.94 -0.32 1
4 0.31 1
3.98 -0.07 1
4.11 0.74 1
3.89 -1.3 1
3.98 0.55 1
3.82 -0.98 1
3.77 -0.28 1
3.74 -0.17 1
3.78 0.23 1
3.66 -0.74 1
3.67 0.05 1
3.69 0.15 1
3.6 -0.56 1
3.5 -0.57 1
3.59 0.5 1
3.56 -0.16 1
3.65 0.53 1
3.46 -1.11 1
3.49 0.17 1
3.43 -0.34 1
3.39 -0.29 1
3.38 -0.03 1
3.3 -0.47 1
3.31 0.07 1
3.27 -0.26 1
3.27 -0.01 1
3.17 -0.55 1
3.22 0.26 1
3.13 -0.52 1
3.09 -0.27 1
3.07 -0.08 1
